2 0.9383333333333334 0.5976744186046512 0.10666666666666667 0.7255813953488373
2 0.845 0.5651162790697675 0.06666666666666667 0.6558139534883721
2 0.7866666666666666 0.49767441860465117 0.04 0.4930232558139535
2 0.735 0.4720930232558139 0.05333333333333334 0.4418604651162791
2 0.685 0.4558139534883721 0.06666666666666667 0.4325581395348837
2 0.635 0.4255813953488372 0.07666666666666666 0.386046511627907
2 0.77 0.13488372093023257 0.43666666666666665 0.12558139534883722
2 0.2733333333333333 0.11395348837209303 0.5066666666666667 0.10697674418604651
2 0.2866666666666667 0.2534883720930233 0.5033333333333333 0.13953488372093023
2 0.24 0.3697674418604651 0.47333333333333333 0.13023255813953488
2 0.22666666666666666 0.4744186046511628 0.4266666666666667 0.13953488372093023
2 0.19333333333333333 0.6232558139534884 0.32666666666666666 0.10697674418604651
2 0.16333333333333333 0.7046511627906977 0.32666666666666666 0.10697674418604651
2 0.58249212 0.6187860511627907 0.5800828866666666 0.7150532279069768 0.4104004833333333 0.5580775488372093 0.41234515666666666 0.6380338093023256 0.7211207 0.9918023302325581 0.80221022 0.9048766697674419 0.8154951500000001 0.9165393813953489 0.8056262133333333 0.8472123720930232 0.58249212 0.6187860511627907