6 0.7766666666666666 0.9136904761904762 0.21 0.10714285714285714
6 0.8133333333333334 0.7827380952380952 0.2 0.1130952380952381
6 0.8883333333333333 0.6607142857142857 0.20666666666666667 0.11904761904761904
6 0.59274139 0.8853894583333334 0.45574611333333337 0.8349813690476191 0.42831907999999996 0.9130075357142857 0.53202317 0.9594013035714285 0.5911852900000001 0.9463621547619048 0.58469167 0.9416947857142857 0.59139935 0.9374388928571429 0.59274139 0.8853894583333334
6 0.5439390166666667 0.7633142261904763 0.4592962966666667 0.8127672023809525 0.5255877966666667 0.8505532142857144 0.6385284 0.8778866964285713 0.6451149966666667 0.8126058333333332 0.5439390166666667 0.7633142261904763
6 0.5980222666666667 0.6861189285714285 0.5168570100000001 0.7207970714285714 0.59216615 0.773747386904762 0.6951094999999999 0.8022575773809523 0.6909990766666667 0.7217600714285715 0.5980222666666667 0.6861189285714285
6 0.7486325066666667 0.6223506011904762 0.5458733266666667 0.5654277023809524 0.5360121533333333 0.6365597857142857 0.7402438666666666 0.7039468392857143 0.7486325066666667 0.6223506011904762
6 0.8162620233333333 0.5232527083333333 0.5928231066666667 0.4508020059523809 0.5671784366666667 0.5169771547619048 0.77358245 0.6186633214285715 0.8162620233333333 0.5232527083333333
6 0.8871653933333332 0.43021014880952385 0.60570687 0.3261845476190476 0.5948672566666666 0.41216935119047615 0.8779181033333333 0.5177329047619048 0.8871653933333332 0.43021014880952385
6 0.9369924733333332 0.2769777678571429 0.6644351533333334 0.20001941071428572 0.64441791 0.28720647023809526 0.9283610033333334 0.39279783333333335 0.9369924733333332 0.2769777678571429
6 0.99073722 0.14916897023809522 0.7101552433333334 0.04070572619047619 0.6942157800000001 0.13694982142857143 0.9880386033333334 0.25475570833333333 0.99073722 0.14916897023809522
6 0.39189944666666665 0.8880591964285716 0.21405769000000002 0.8393545773809524 0.19310564 0.93693075 0.38167234333333333 0.9785280535714285 0.39189944666666665 0.8880591964285716
6 0.4085410266666667 0.805231880952381 0.2422159333333333 0.7717694523809523 0.2167312366666667 0.8215780476190476 0.40518697333333337 0.8750784702380953 0.4085410266666667 0.805231880952381
6 0.4770431866666667 0.616861875 0.2999471733333333 0.5771104285714286 0.28846361666666664 0.6437269761904761 0.4644525433333333 0.6953504880952381 0.4770431866666667 0.616861875
6 0.5095700733333334 0.5285764107142857 0.30252944 0.48342663690476195 0.27939833 0.5481918095238095 0.5060941033333333 0.6133024166666667 0.5095700733333334 0.5285764107142857
6 0.5454726266666666 0.4359312083333333 0.3100952066666666 0.3913865 0.29121639 0.4473542857142857 0.5426491633333334 0.5400257321428571 0.5444400233333333 0.541569875 0.5454726266666666 0.4359312083333333
6 0.58331752 0.3150684226190476 0.31996690666666666 0.2339320773809524 0.30573708666666666 0.32576449404761904 0.5690440666666667 0.4113644523809524 0.5649808366666667 0.4008195476190476 0.58331752 0.3150684226190476
6 0.33373032666666663 0 0.3041317333333333 0.06376979761904762 0.6471601566666666 0.177156125 0.6757983366666667 0.06047133928571429 0.34700568 0 0.33373032666666663 0
6 0.19210461666666667 0.783602392857143 0.026816143333333334 0.7293357678571428 0.003728663333333333 0.7896373333333334 0.17696907 0.8828481904761906 0.19210461666666667 0.783602392857143
6 0 0.9120937738095238 0.16753829666666667 0.9718535476190476 0.17267314 0.8961091845238096 0.011564246666666667 0.8404845119047619 0 0.9027429404761904 0 0.9120937738095238
6 0.22843945999999998 0.5614866547619047 0.05598842666666666 0.47276536904761907 0.025858753333333335 0.5715438035714285 0.22403402666666664 0.6491603273809524 0.22843945999999998 0.5614866547619047
6 0.25989662666666663 0.41214665476190476 0.0656856 0.333165369047619 0.01806277666666667 0.43139854166666664 0.2503973233333333 0.5100798095238096 0.25989662666666663 0.41214665476190476