2 0.03630796333333333 0.232662405 0.0783899 0.7030612949999999 0.12313776666666666 0.36347845 0.11573674666666667 0.2241763 0.07886249333333333 0.24766677999999998 0.04612312 0.18047667 0.04322726666666667 0.191227905 0.03630796333333333 0.232662405
2 0.14429348666666666 0 0.16615299666666666 0.23046350000000002 0.13417671 0.27579669500000004 0.2052512833333333 0.69905418 0.23074693666666665 0.5176729600000001 0.2177913466666667 0.37230818 0.19801089333333333 0 0.14429348666666666 0
2 0.17830769 0.83911284 0.14818173666666667 0.370567075 0.14693305 0.37520299 0.13659733666666668 0.360850135 0.10441311 0.55974851 0.11530209 0.792839955 0.15737035000000002 0.796764285 0.14625455666666667 0.81968738 0.17830769 0.83911284
2 0.2509216066666667 0 0.2550375166666667 0.58092807 0.2897806333333333 0.67208852 0.32809715333333334 0.563189335 0.32759051 0.258196225 0.2997853833333333 0.241345225 0.29707513999999996 0 0.2598249033333333 0 0.25488009 0.00112024 0.25468827666666666 0 0.2509216066666667 0
2 0.39244255666666666 0.43770863 0.36621441666666665 0.40833166499999995 0.32366221666666667 0.606339315 0.31966372000000004 0.854675395 0.3583142166666667 0.864617435 0.36250525 0.950743805 0.40156252666666664 0.974414055 0.39244255666666666 0.43770863
2 0.37633782666666665 0 0.35977172333333335 0.38555278000000004 0.40082280666666664 0.42660937 0.4117763133333333 0.632776555 0.41426922666666666 0.604627655 0.45729459666666666 0.617221035 0.41203750666666666 0 0.37633782666666665 0
2 0.44807131999999994 0 0.4916069466666666 0.62992666 0.5258870366666667 0.656094415 0.5349391333333333 0.23555911999999998 0.5117681933333333 0.22151662000000003 0.4904822 0 0.4724198633333333 0 0.4590747333333333 0.003535065 0.45633607000000004 0 0.44807131999999994 0
2 0.50321726 0.995 0.48401235333333337 0.5713973 0.44902768 0.5765072 0.4543778033333334 0.80150059 0.4323910266666667 0.80974643 0.4334894466666666 0.9937630249999999 0.43553052666666664 0.995 0.50321726 0.995
2 0.62099088 0.995 0.5619320166666666 0.46223214 0.5436871233333332 0.47200099 0.5165977466666667 0.91740209 0.5480844133333332 0.9472695950000001 0.5541809166666667 0.995 0.62099088 0.995
2 0.5948609499999999 0.40669094 0.5964815533333333 0.634165385 0.63792547 0.64040767 0.6245220866666666 0.03639425 0.57847625 0.013881335 0.5768953633333334 0.00753058 0.5642946666666666 0.38007756 0.5948609499999999 0.40669094
2 0.6470800133333334 0.07027813 0.6916892833333333 0.54087015 0.71936536 0.61156968 0.72559178 0.20819627000000002 0.6946326666666667 0.21639719500000001 0.68634041 0.073858585 0.67781525 0.068692 0.6470800133333334 0.07027813
2 0.6996882766666667 0.995 0.71904273 0.7461909950000001 0.6930783733333333 0.73584825 0.6729210166666667 0.4971398 0.6416981233333333 0.48630651 0.64107378 0.48862447000000003 0.6423169533333334 0.49207422 0.6542998733333334 0.995 0.6996882766666667 0.995
2 0.8173134366666667 0.995 0.7467806466666667 0.405048725 0.70961304 0.8078846550000001 0.7605891100000001 0.8387781599999999 0.7717054466666666 0.995 0.8173134366666667 0.995
2 0.8002779633333333 0.142909225 0.79010417 0.14213618 0.7802514666666667 0.13346871500000002 0.7740116166666666 0.402017145 0.81075682 0.43237518999999996 0.7833236066666667 0.6476345550000001 0.8451450433333333 0.6716190949999999 0.8362220433333334 0.16469275 0.8002779633333333 0.142909225
2 0.9330276300000001 0.66555999 0.9371495000000001 0.236644105 0.9112174033333335 0.212839225 0.8921378733333334 0.198579945 0.88587739 0.200178515 0.8849570066666667 0.19692439 0.8913351733333333 0.24662754 0.85705509 0.220459785 0.9125533199999999 0.68820413 0.9330276300000001 0.66555999
2 0.90526534 0.995 0.9247054666666666 0.922826 0.9168592033333334 0.6989026749999999 0.8883974666666667 0.697831765 0.8707374866666667 0.44985148 0.8521039466666667 0.479003875 0.8514315633333334 0.47859638 0.8594293966666667 0.995 0.90526534 0.995