3 0.22666666666666666 0.29 0.4533333333333333 0.28
3 0.22666666666666666 0.45166666666666666 0.4533333333333333 0.23666666666666666
3 0.6766666666666666 0.31166666666666665 0.5266666666666666 0.23333333333333334
3 0.6633333333333333 0.16666666666666666 0.48 0.22333333333333333
0 0.16833333333333333 0.16 0.33666666666666667 0.22666666666666666
6 0.6 0.07833333333333334 0.5066666666666667 0.15666666666666668
1 0.835 0.42 0.32 0.21
1 0.57 0.5016666666666667 0.28 0.2
1 0.31166666666666665 0.5816666666666667 0.2633333333333333 0.2
1 0.12666666666666668 0.625 0.2 0.16
1 0.8816666666666667 0.5966666666666667 0.23666666666666666 0.20666666666666667
1 0.6566666666666666 0.675 0.23333333333333334 0.21
1 0.41 0.7416666666666667 0.2866666666666667 0.21333333333333335
1 0.20166666666666666 0.8016666666666666 0.24 0.19333333333333333
1 0.25833333333333336 0.9316666666666666 0.27 0.13666666666666666
1 0.49 0.9066666666666666 0.26 0.18666666666666668
1 0.7166666666666667 0.845 0.24333333333333335 0.19