3 0.6266666666666667 0.8416666666666667 0.5133333333333333 0.31666666666666665
3 0.7016666666666667 0.6966666666666667 0.4633333333333333 0.2733333333333333
3 0.25333333333333335 0.5533333333333333 0.5066666666666667 0.2733333333333333
3 0.20666666666666667 0.68 0.41333333333333333 0.26
0 0.6183333333333333 0.9333333333333333 0.44333333333333336 0.13333333333333333
6 0.20166666666666666 0.815 0.4033333333333333 0.27
1 0.18 0.37333333333333335 0.3233333333333333 0.23333333333333334
1 0.445 0.4583333333333333 0.2866666666666667 0.21666666666666667
1 0.7016666666666667 0.5416666666666666 0.26666666666666666 0.21333333333333335
1 0.8783333333333333 0.6133333333333333 0.20666666666666667 0.17
1 0.22666666666666666 0.19166666666666668 0.2833333333333333 0.22333333333333333
1 0.4716666666666667 0.26666666666666666 0.24 0.22
1 0.7133333333333334 0.35333333333333333 0.29333333333333333 0.23333333333333334
1 0.8966666666666666 0.42333333333333334 0.20666666666666667 0.20666666666666667
1 0.9133333333333333 0.255 0.17333333333333334 0.22333333333333333
1 0.745 0.16666666666666666 0.26666666666666666 0.21666666666666667
1 0.5183333333333333 0.09666666666666666 0.25 0.19333333333333333