1 0.165 0.7529761904761905 0.17666666666666667 0.21428571428571427
1 0.11666666666666667 0.5178571428571429 0.23333333333333334 0.34523809523809523
1 0.028333333333333332 0.6636904761904762 0.056666666666666664 0.16071428571428573
1 0.015 0.4494047619047619 0.03 0.1488095238095238
1 0.325 0.8392857142857143 0.24333333333333335 0.27976190476190477
1 0.49666666666666665 0.8958333333333334 0.24 0.20833333333333334
1 0.6566666666666666 0.875 0.26 0.25
1 0.7266666666666667 0.9375 0.26666666666666666 0.125
1 0.5516666666666666 0.6904761904761905 0.24 0.35714285714285715
1 0.42833333333333334 0.5386904761904762 0.24 0.3273809523809524
1 0.3016666666666667 0.5744047619047619 0.29333333333333333 0.4166666666666667
1 0.135 0.15476190476190477 0.21 0.30952380952380953
1 0.33 0.2261904761904762 0.28 0.39880952380952384
1 0.345 0.05952380952380952 0.22333333333333333 0.11904761904761904
1 0.5383333333333333 0.17261904761904762 0.31 0.34523809523809523
1 0.555 0.38095238095238093 0.22333333333333333 0.2857142857142857
1 0.755 0.49404761904761907 0.2833333333333333 0.38095238095238093
1 0.7833333333333333 0.75 0.2733333333333333 0.3630952380952381
1 0.9366666666666666 0.7619047619047619 0.09333333333333334 0.14285714285714285
1 0.9 0.8988095238095238 0.12 0.20238095238095238
1 0.9366666666666666 0.5565476190476191 0.12666666666666668 0.25595238095238093
1 0.9383333333333334 0.35714285714285715 0.12333333333333334 0.27380952380952384
1 0.7816666666666666 0.24404761904761904 0.22 0.26785714285714285