2 0.20683586666666665 0 0.011604050000000001 0.36812215577889446 0.0033081566666666663 0.40918934673366836 0.002098856666666667 0.42069971859296484 0.05323228666666666 0.3882372814070352 0.07677403000000001 0.437104351758794 0.13094855 0.32284551758793967 0.20812930333333335 0 0.20683586666666665 0
2 0.027403439999999998 0.682248216080402 0.05259071666666667 0.7315081909547739 0.21511426999999997 0.38873168844221107 0.27613164 0.27356284422110555 0.31655642333333334 0.09751168844221106 0.11030447666666668 0.4069522010050251 0.12214795666666667 0.47083324623115574 0.009165636666666666 0.6804374472361808 0.027403439999999998 0.682248216080402
2 0.24697558 0 0.18228942 0.13922527135678392 0.14158319666666666 0.33556028643216085 0.15537081 0.33122071859296487 0.15484936333333332 0.33618397487437185 0.31991554666666666 0 0.24697558 0
2 0.11945491 0.7372978592964824 0.15226721333333332 0.7782029396984924 0.2404296 0.5652163517587939 0.27004918666666666 0.5722886381909548 0.37520550666666663 0.309938175879397 0.37975332333333334 0.18637382914572864 0.31867192333333333 0.23793033165829144 0.10765842999999999 0.7548322663316583 0.11945491 0.7372978592964824
2 0.5046045499999999 0.07372721608040202 0.4680609233333333 0.05228226633165829 0.3862199433333333 0.26932210050251254 0.3547066466666667 0.47293987939698495 0.38727538666666667 0.46799691959798995 0.5793752133333334 0.012719899497487438 0.5377692066666666 0.0027856080402010055 0.5046045499999999 0.07372721608040202
2 0.4708259266666667 0.31496233668341705 0.3906476366666667 0.48406540703517587 0.34136285 0.48756094974874375 0.22214459 0.8355897135678392 0.24889621 0.8699599145728644 0.5045015866666667 0.3637052060301508 0.4632975966666667 0.34114749748743717 0.4708259266666667 0.31496233668341705
2 0.2953130333333333 0.8937622964824121 0.3190343133333334 0.9248650603015075 0.41532601 0.7468899798994975 0.4400089966666667 0.752783552763819 0.5766442933333333 0.3834746381909548 0.5382755966666667 0.3794010904522613 0.27995181 0.897726135678392 0.2953130333333333 0.8937622964824121
2 0.5652753966666666 0.20268832663316583 0.4834360033333333 0.3923603869346734 0.5116691933333333 0.4239259095477387 0.6897006433333334 0.039062356783919595 0.6133855633333334 0.02084056783919598 0.5492603333333334 0.17851334170854272 0.5652753966666666 0.20268832663316583
2 0.6956487 0.14986951256281408 0.6584040866666667 0.1511521256281407 0.5286918666666667 0.5558871507537688 0.5409765733333333 0.5784688190954774 0.8248167266666667 0.0764118592964824 0.80606194 0.06684600502512562 0.7525576433333333 0.054070753768844224 0.6956487 0.14986951256281408
2 0.40121259 0.9775572763819095 0.4484115833333333 0.9939147688442211 0.6672937966666667 0.48397941708542713 0.6296260866666666 0.4571783015075377 0.5501316233333333 0.6518834773869346 0.5147932666666667 0.6510773668341708 0.39767692 0.9818008291457286 0.40121259 0.9775572763819095
2 0.5189068633333332 1 0.5703136600000001 0.8932833969849246 0.59403494 0.92438616080402 0.7271996333333333 0.5720557487437186 0.6792013033333333 0.6114728090452262 0.47938182333333335 0.982239527638191 0.49754366000000005 1 0.5189068633333332 1
2 0.8709429333333333 0.08233767336683417 0.8520196566666667 0.07781935175879397 0.62012645 0.615174648241206 0.61787634 0.6171812713567839 0.6176156166666666 0.6196628994974874 0.6480985633333333 0.6345729748743719 0.7473394166666667 0.44458265829145727 0.7731464866666667 0.45583239195979897 0.8821496400000001 0.09264515075376885 0.8709429333333333 0.08233767336683417
2 0.9840399866666667 0.2467115527638191 0.9579081666666667 0.1743311055276382 0.8405492933333333 0.40832913567839196 0.7862467200000001 0.39536328643216084 0.67978835 0.7712546281407034 0.9840399866666667 0.2467115527638191
2 0.6941192766666666 1 0.8556323566666667 0.6179849899497487 0.79440574 0.5906464673366834 0.7440094133333333 0.7973871809045227 0.7020889266666667 0.7950094522613066 0.6267036166666667 1 0.6941192766666666 1
2 0.8098801999999999 1 0.9288819866666668 0.6914402512562814 0.91910714 0.6560358341708543 0.7201267433333334 1 0.8098801999999999 1
2 1 0.3002631909547739 0.79474492 0.7891502663316582 0.7954611833333333 0.7893212914572865 0.8014235166666667 0.8289031507537689 0.9017072666666667 0.6289863165829146 0.9264714433333334 0.650162567839196 1 0.48587879396984923 1 0.3002631909547739