3 0.83 0.11057692307692307 0.31333333333333335 0.22115384615384615
3 0.16166666666666665 0.5144230769230769 0.32 0.36538461538461536
3 0.17833333333333334 0.7788461538461539 0.34 0.3076923076923077
3 0.17666666666666667 0.9182692307692307 0.32 0.16346153846153846
3 0.5166666666666667 0.8509615384615384 0.34 0.2980769230769231
3 0.515 0.6394230769230769 0.34 0.2692307692307692
3 0.155 0.25961538461538464 0.31 0.36538461538461536
3 0.48333333333333334 0.15384615384615385 0.35333333333333333 0.3076923076923077
6 0.51 0.39903846153846156 0.36 0.3557692307692308
5 0.85 0.375 0.3 0.38461538461538464
1 0.93 0.7259615384615384 0.13333333333333333 0.28846153846153844
1 0.7816666666666666 0.7644230769230769 0.14 0.28846153846153844