2 0.7379348866666667 0 0.8223641966666667 0.17635486432160802 0.8953311066666667 0.26367617085427136 0.9090260566666666 0.2069197336683417 0.9641140766666666 0.21687696984924626 0.9608470733333333 0.206315 0.9453638466666666 0.17028590452261308 0.7861667233333334 0 0.7379348866666667 0
2 1 0.46442892964824123 0.8578818633333333 0.3149528592964824 0.85758657 0.2486250904522613 0.6027465433333333 0.03687641708542714 0.6737944366666666 0.18930978894472364 0.7535055033333333 0.2746624120603015 0.9724062366666667 0.5366263216080402 0.9876111333333334 0.478808432160804 1 0.47209617085427136 1 0.46442892964824123
2 0.6296493166666667 0 0.8018280566666667 0.19910820603015075 0.8004193266666667 0.19455389447236182 0.8144662766666666 0.19299614070351762 0.73943916 0.02118162311557789 0.7220830966666667 0 0.6296493166666667 0
2 0.55824529 0.14855662814070353 0.5852093700000001 0.265444527638191 0.7342601233333333 0.4739359849246231 0.7614392033333334 0.45482973366834173 0.8851286800000001 0.622931135678392 0.9091908266666667 0.5699760351758794 0.9237363133333334 0.5819293517587939 0.62638706 0.1727345376884422 0.55824529 0.14855662814070353
2 0.6025064266666667 0.4223957939698493 0.6347172766666667 0.41361385929648237 0.56719539 0.23097872361809044 0.44884134666666664 0.05635433165829145 0.4176343433333333 0.09215364824120603 0.3727835033333334 0.0377412311557789 0.3346056233333333 0.06457937688442211 0.6025064266666667 0.4223957939698493
2 0.6502174666666666 0.4221237336683417 0.6022027666666667 0.4392430954773869 0.4942117366666667 0.310007567839196 0.50623611 0.3320500904522613 0.47075273333333334 0.3708555979899497 0.80901972 0.7512862060301507 0.8284507999999999 0.7071312512562814 0.6502174666666666 0.4221237336683417
2 0.6265350900000001 0.7021409849246231 0.7516374766666667 0.8332091658291457 0.76875302 0.7934542814070352 0.7842439233333334 0.7908814572864322 0.4411568966666667 0.3999776884422111 0.40501934333333334 0.4198369195979899 0.6038858566666667 0.718062864321608 0.6265350900000001 0.7021409849246231
2 0.49624156666666663 0.3896472663316583 0.38289296 0.24132980402010049 0.39386748666666666 0.21143651758793972 0.3033975566666667 0.08651791457286433 0.2333704533333333 0.13574531155778896 0.47487350666666667 0.43172183417085425 0.49624156666666663 0.3896472663316583
2 0.1103175 0.22779324120603014 0.4749579866666666 0.592456216080402 0.4826379833333333 0.5656446130653267 0.28394906666666664 0.23048814070351759 0.2479127366666667 0.24473160301507538 0.17569255666666667 0.17629151256281408 0.12659674333333332 0.21080470351758795 0.1103175 0.22779324120603014
2 0.33625768666666667 0.5541162361809046 0.6398970733333333 0.9533446231155779 0.6822768633333333 0.9180080201005025 0.6864514533333334 0.9206179949748743 0.5134027 0.6513719849246232 0.4795806833333333 0.6668311457286432 0.3675659133333333 0.5127011507537689 0.33625768666666667 0.5541162361809046
2 0.60799187 0.9549908391959798 0.3481222766666667 0.6816187185929647 0.29477633000000003 0.6636735376884422 0.4872023433333334 0.9470208492462311 0.50431789 0.907265959798995 0.5794706266666666 0.9958229899497488 0.5878038366666667 0.9899649396984925 0.60799187 0.9549908391959798
2 0.08442571333333333 0.24044994472361808 0.06706162 0.25265649246231153 0.05817365333333334 0.26722144221105526 0.22935916333333334 0.5710449396984925 0.25210961666666665 0.549507296482412 0.38224377 0.6908997939698492 0.40881971 0.6639006180904522 0.40811534666666666 0.6616234623115578 0.4055855133333333 0.660629567839196 0.08442571333333333 0.24044994472361808
2 0 0.46894276381909544 0.37677239 0.8354547989949749 0.20571027333333333 0.5183618944723618 0.15588196 0.5533900201005025 0.0002853 0.3772232412060301 0 0.3791540100502513 0 0.46894276381909544
2 0.44754536666666667 1 0.35967902 0.8675560452261306 0.31981720666666663 0.8872610402010049 0.23357279 0.7094704824120603 0.17971655 0.7611916783919599 0.35884431333333333 1 0.44754536666666667 1
2 0.30591482 1 0.12565786666666667 0.8241444120603015 0.12273500333333333 0.8622391005025125 0.21794059333333332 1 0.30591482 1
2 0 0.667106527638191 0.00297574 0.6767268693467337 0.11750498000000001 0.8215587839195979 0.13743798000000002 0.7909125125628141 0.27038959 0.9414136331658293 0.26888382666666666 0.900887552763819 0.2695410733333334 0.9004255226130653 0 0.5387787185929648 0 0.667106527638191