3 0.9433333333333334 0.5765027322404371 0.11333333333333333 0.8469945355191257
3 0.8883333333333333 0.5792349726775956 0.15666666666666668 0.8415300546448088
3 0.8083333333333333 0.5710382513661202 0.15 0.8579234972677595
3 0.74 0.546448087431694 0.15333333333333332 0.907103825136612
3 0.6666666666666666 0.5491803278688525 0.16666666666666666 0.9016393442622951
3 0.5966666666666667 0.5136612021857924 0.15666666666666668 0.912568306010929
3 0.5283333333333333 0.5163934426229508 0.15666666666666668 0.8852459016393442
3 0.465 0.48633879781420764 0.17666666666666667 0.8961748633879781
3 0.4 0.45081967213114754 0.16666666666666666 0.8797814207650273
3 0.25666666666666665 0.42349726775956287 0.18 0.8469945355191257
3 0.19666666666666666 0.43169398907103823 0.16666666666666666 0.825136612021858