3 0.9383333333333334 0.5956284153005464 0.12333333333333334 0.8087431693989071
3 0.8833333333333333 0.587431693989071 0.16666666666666666 0.825136612021858
3 0.805 0.5792349726775956 0.15666666666666668 0.8415300546448088
3 0.735 0.5710382513661202 0.16333333333333333 0.8579234972677595
3 0.665 0.546448087431694 0.17666666666666667 0.907103825136612
3 0.5933333333333334 0.5437158469945356 0.16333333333333333 0.907103825136612
3 0.53 0.5 0.16333333333333333 0.8852459016393442
3 0.4633333333333333 0.4918032786885246 0.18333333333333332 0.8961748633879781
3 0.39666666666666667 0.48633879781420764 0.17666666666666667 0.8743169398907104
3 0.25666666666666665 0.4371584699453552 0.18666666666666668 0.8688524590163934
3 0.2 0.3989071038251366 0.17333333333333334 0.7978142076502732