0 1 0.14815163333333334 0.6008316068965517 0.006542016666666667 0.5558658344827586 0.12163398666666665 0.7047533 0.17244098333333333 0.6826023827586207 0.21827431333333333 0.7335414206896552 0.23461933333333335 0.7035244724137931 0.30134400666666666 1 0.39907886 1 0.14815163333333334
0 0.5293103448275862 0.6766666666666666 0.32068965517241377 0.25
0 0.4241379310344828 0.8566666666666667 0.2896551724137931 0.26666666666666666
0 0.7379310344827587 0.925 0.2689655172413793 0.15
0 0.8068965517241379 0.7966666666666666 0.25517241379310346 0.22
0 0.8827586206896552 0.635 0.23103448275862068 0.21333333333333335
0 0.19137931034482758 0.5433333333333333 0.38275862068965516 0.31333333333333335
0 0.12758620689655173 0.7333333333333333 0.25517241379310346 0.2866666666666667
3 0.33275862068965517 0.185 0.49310344827586206 0.31666666666666665
3 0.3689655172413793 0.07333333333333333 0.43448275862068964 0.14666666666666667
0 0.7793103448275862 0.43 0.4413793103448276 0.32