3 0.2833333333333333 0.09337349397590361 0.29333333333333333 0.18674698795180722
3 0.22666666666666666 0.28012048192771083 0.27666666666666667 0.29518072289156627
3 0.805 0.5421686746987951 0.27666666666666667 0.3192771084337349
3 0.8033333333333333 0.713855421686747 0.18666666666666668 0.22289156626506024
3 0.49666666666666665 0.49096385542168675 0.27666666666666667 0.29518072289156627
3 0.4683333333333333 0.677710843373494 0.3 0.35542168674698793
3 0.5566666666666666 0.21686746987951808 0.24666666666666667 0.25903614457831325
0 0.5683333333333334 0.37650602409638556 0.17333333333333334 0.23493975903614459
3 0.7366666666666667 0.8403614457831325 0.27666666666666667 0.2891566265060241
6 0.8266666666666667 0.39156626506024095 0.27 0.30120481927710846
5 0.195 0.4307228915662651 0.2833333333333333 0.29518072289156627
5 0.255 0.15060240963855423 0.24666666666666667 0.2289156626506024