3 0.96 0.4644808743169399 0.08 0.9289617486338798
3 0.8916666666666667 0.45901639344262296 0.1 0.9016393442622951
3 0.8133333333333334 0.4672131147540984 0.09333333333333334 0.8852459016393442
3 0.7433333333333333 0.4918032786885246 0.09666666666666666 0.907103825136612
3 0.67 0.4781420765027322 0.11 0.907103825136612
3 0.5966666666666667 0.5027322404371585 0.1 0.912568306010929
3 0.53 0.4890710382513661 0.1 0.8852459016393442
3 0.4633333333333333 0.5081967213114754 0.12 0.8907103825136612
3 0.3983333333333333 0.5300546448087432 0.11333333333333333 0.8743169398907104
3 0.255 0.5409836065573771 0.12666666666666668 0.8688524590163934
3 0.19333333333333333 0.5163934426229508 0.11333333333333333 0.819672131147541