1 0.15166666666666667 0.6904761904761905 0.17666666666666667 0.23809523809523808
1 0.11833333333333333 0.44345238095238093 0.23666666666666666 0.375
1 0.025 0.5684523809523809 0.05 0.17261904761904762
1 0.018333333333333333 0.3601190476190476 0.03666666666666667 0.1488095238095238
1 0.30666666666666664 0.8035714285714286 0.24333333333333335 0.30952380952380953
1 0.47 0.8869047619047619 0.24 0.2261904761904762
1 0.6316666666666667 0.8809523809523809 0.2633333333333333 0.23809523809523808
1 0.695 0.9464285714285714 0.27 0.10714285714285714
1 0.54 0.6964285714285714 0.24666666666666667 0.38095238095238093
1 0.4266666666666667 0.5238095238095238 0.24333333333333335 0.35714285714285715
1 0.3 0.5357142857142857 0.3 0.4523809523809524
1 0.15833333333333333 0.125 0.21666666666666667 0.25
1 0.3466666666666667 0.20535714285714285 0.2866666666666667 0.4107142857142857
1 0.37833333333333335 0.05357142857142857 0.22333333333333333 0.10714285714285714
1 0.5566666666666666 0.1875 0.31333333333333335 0.375
1 0.5616666666666666 0.39285714285714285 0.22666666666666666 0.31547619047619047
1 0.7533333333333333 0.5416666666666666 0.2866666666666667 0.4166666666666667
1 0.7666666666666667 0.8005952380952381 0.27666666666666667 0.39285714285714285
1 0.9183333333333333 0.8422619047619048 0.09666666666666666 0.15476190476190477
1 0.8733333333333333 0.9345238095238095 0.12666666666666668 0.13095238095238096
1 0.9316666666666666 0.6398809523809523 0.13666666666666666 0.26785714285714285
1 0.94 0.4494047619047619 0.12 0.2916666666666667
1 0.795 0.3005952380952381 0.22333333333333333 0.2976190476190476