2 0.9 0.36046511627906974 0.2 0.7209302325581395
2 0.8383333333333334 0.3813953488372093 0.20666666666666667 0.641860465116279
2 0.765 0.3488372093023256 0.14666666666666667 0.4744186046511628
2 0.71 0.3511627906976744 0.15 0.4372093023255814
2 0.6583333333333333 0.3627906976744186 0.15666666666666668 0.42790697674418604
2 0.605 0.36046511627906974 0.15666666666666668 0.39069767441860465
2 0.65 0.08372093023255814 0.43333333333333335 0.16744186046511628
2 0.215 0.25813953488372093 0.43 0.3209302325581395
2 0.24166666666666667 0.38372093023255816 0.48333333333333334 0.3488372093023256
2 0.22833333333333333 0.5116279069767442 0.45666666666666667 0.32558139534883723
2 0.24 0.6186046511627907 0.4266666666666667 0.31627906976744186
2 0.24833333333333332 0.7744186046511627 0.32666666666666666 0.24186046511627907
2 0.24166666666666667 0.8674418604651163 0.3333333333333333 0.24651162790697675
2 0.6083756233333333 0.5670173069767442 0.63198648 0.6575340046511627 0.43251674 0.6006828511627907 0.4557855133333334 0.6738005069767442 0.83705276 0.8404098697674418 0.88890089 0.7174277534883722 0.9043495300000001 0.7212971023255814 0.8765871233333333 0.6621767860465116 0.6083756233333333 0.5670173069767442