6 0.6916666666666667 0.9672619047619048 0.21666666666666667 0.06547619047619048
6 0.7483333333333333 0.9166666666666666 0.21 0.16666666666666666
6 0.8416666666666667 0.8660714285714286 0.21666666666666667 0.2261904761904762
6 0.5215108433333333 0.9177033452380952 0.39994369 0.7941662083333334 0.36035664 0.8532388273809524 0.45095667 0.954587505952381 0.5094796066666667 0.9748331428571427 0.5041114933333334 0.9668109285714286 0.51122736 0.966464744047619 0.5215108433333333 0.9177033452380952
6 0.49622209 0.7746729642857143 0.40716426666666666 0.7749983273809523 0.46367237333333333 0.8475156785714285 0.5663552266666666 0.9358338035714285 0.5839162733333333 0.8773826011904762 0.49622209 0.7746729642857143
6 0.5610169266666667 0.731099880952381 0.47782314333333337 0.7192924642857143 0.5402833633333334 0.811207994047619 0.6332546333333333 0.8951285952380953 0.64327544 0.8163027202380952 0.5610169266666667 0.731099880952381
6 0.7152908533333333 0.75356175 0.5323058933333333 0.5875390833333333 0.5106179866666667 0.6497481547619047 0.6931925933333333 0.8265353928571428 0.7152908533333333 0.75356175
6 0.7967591900000001 0.6966331071428572 0.59679371 0.5044312083333333 0.5609526033333333 0.5532163750000001 0.7396577400000001 0.7638227142857142 0.7967591900000001 0.6966331071428572
6 0.88029327 0.6472699880952382 0.6306118866666667 0.39302242857142855 0.6054231766666667 0.46881736904761906 0.8563528033333334 0.7254062738095237 0.88029327 0.6472699880952382
6 0.9541984299999999 0.5290327142857143 0.70829862 0.3054394642857143 0.6741734133333334 0.3773134523809524 0.9259468066666666 0.6344211607142858 0.9541984299999999 0.5290327142857143
6 1 0.40861144047619047 0.7793501666666667 0.1791522261904762 0.74753584 0.2618901488095238 1 0.5290899226190476 1 0.40861144047619047
6 0.3300368066666667 0.8094146071428571 0.16932755666666668 0.6649578214285714 0.13251546333333333 0.7461966011904761 0.30465466333333335 0.8898121250000001 0.3300368066666667 0.8094146071428571
6 0.36019711666666665 0.739824238095238 0.20780321333333332 0.6162187202380952 0.17494647 0.6495266428571428 0.3449203066666666 0.8044014702380952 0.36019711666666665 0.739824238095238
6 0.45794387999999997 0.5984743095238095 0.2963945333333334 0.46294401190476187 0.27394506333333335 0.5199633035714286 0.4323870533333333 0.6661736964285714 0.45794387999999997 0.5984743095238095
6 0.5041565466666666 0.5324587023809524 0.31506235 0.37527036904761907 0.28185577333333334 0.4241015892857143 0.48618891000000003 0.6111198273809524 0.5041565466666666 0.5324587023809524
6 0.55433411 0.4641594821428571 0.33818532333333334 0.2919099107142857 0.3105453033333333 0.3347208035714286 0.53363533 0.5616012261904763 0.5350713266666667 0.5640580238095237 0.55433411 0.4641594821428571
6 0.61124199 0.3700955654761905 0.37482128 0.1476092142857143 0.34539636 0.22709479166666666 0.5810031466666666 0.45380220833333335 0.5789635766666666 0.44153125 0.61124199 0.3700955654761905
6 0.41290408 0 0.6958256 0.2741625654761905 0.7432543766666667 0.17899175 0.5168517066666667 0 0.41290408 0
6 0 0.5290110476190476 0.12652763333333333 0.6858566071428571 0.15809683333333333 0.5998202857142857 0.010288966666666666 0.45700082142857146 0 0.4711704642857143 0 0.5290110476190476
6 0 0.6629479464285714 0.1021561 0.7653016845238095 0.12014715333333333 0.696098 0 0.5774511726190477 0 0.6629479464285714
6 0.2310903433333333 0.4086258154761905 0.08243283666666666 0.22908560714285714 0.036684256666666665 0.3064034464285714 0.21172864 0.48957744642857143 0.2310903433333333 0.4086258154761905
6 0.28685109999999997 0.2839536011904762 0.11581311333333334 0.10166917261904762 0.05352191333333334 0.1688154404761905 0.26086944333333334 0.3718517023809524 0.28685109999999997 0.2839536011904762