2 0.215 0.232421875 0.43 0.28515625
2 0.25 0.376953125 0.41 0.25
2 0.3 0.505859375 0.42 0.23828125
2 0.3 0.650390625 0.5 0.296875
2 0.35333333333333333 0.76171875 0.47333333333333333 0.25
2 0.3983333333333333 0.859375 0.5033333333333333 0.265625
2 0.3933333333333333 0.93359375 0.41333333333333333 0.1171875
2 0.62 0.0625 0.41333333333333333 0.125
2 0.6516666666666666 0.119140625 0.4266666666666667 0.2265625
2 0.6866666666666666 0.20703125 0.43 0.22265625
2 0.7166666666666667 0.302734375 0.44333333333333336 0.23046875
2 0.7516666666666667 0.404296875 0.3933333333333333 0.2265625
2 0.7816666666666666 0.5 0.3933333333333333 0.23828125
2 0.815 0.591796875 0.37 0.21484375
2 0.84 0.68359375 0.32 0.203125
2 0.8566666666666667 0.794921875 0.2866666666666667 0.20703125