2 0.3 0.123046875 0.45666666666666667 0.15625
2 0.30333333333333334 0.28125 0.4033333333333333 0.1328125
2 0.31 0.421875 0.42 0.1171875
2 0.26666666666666666 0.556640625 0.49333333333333335 0.15625
2 0.2816666666666667 0.681640625 0.4766666666666667 0.109375
2 0.29333333333333333 0.796875 0.5066666666666667 0.12109375
2 0.255 0.904296875 0.42 0.0859375
2 0.7616666666666667 0.09765625 0.4166666666666667 0.10546875
2 0.7566666666666667 0.20703125 0.43 0.1015625
2 0.7616666666666667 0.3046875 0.43666666666666665 0.09765625
2 0.7616666666666667 0.40625 0.45 0.09765625
2 0.7633333333333333 0.515625 0.3933333333333333 0.11328125
2 0.7616666666666667 0.6171875 0.39 0.125
2 0.7766666666666666 0.724609375 0.39666666666666667 0.1015625
2 0.7816666666666666 0.826171875 0.36666666666666664 0.09765625
2 0.7733333333333333 0.939453125 0.35 0.10546875