3 0.23166666666666666 0.8567073170731707 0.29333333333333333 0.18902439024390244
3 0.20666666666666667 0.600609756097561 0.2733333333333333 0.1951219512195122
3 0.8033333333333333 0.5762195121951219 0.26666666666666666 0.23170731707317074
3 0.8233333333333334 0.40853658536585363 0.18 0.15853658536585366
3 0.49666666666666665 0.5 0.2733333333333333 0.1951219512195122
3 0.49166666666666664 0.3048780487804878 0.29 0.25609756097560976
3 0.52 0.7957317073170732 0.24333333333333335 0.17073170731707318
0 0.5516666666666666 0.6432926829268293 0.16 0.18292682926829268
3 0.775 0.25609756097560976 0.2733333333333333 0.18902439024390244
6 0.805 0.7347560975609756 0.2633333333333333 0.2073170731707317
5 0.195 0.43597560975609756 0.28 0.1951219512195122
5 0.21833333333333332 0.7378048780487805 0.24666666666666667 0.1402439024390244