2 0.9166666666666666 0.4255813953488372 0.16666666666666666 0.7302325581395349
2 0.845 0.43023255813953487 0.16333333333333333 0.6511627906976745
2 0.775 0.3883720930232558 0.11 0.4883720930232558
2 0.72 0.38372093023255816 0.12 0.4418604651162791
2 0.6683333333333333 0.386046511627907 0.13 0.4325581395348837
2 0.615 0.3767441860465116 0.13 0.39069767441860465
2 0.685 0.08372093023255814 0.43666666666666665 0.16744186046511628
2 0.22833333333333333 0.21395348837209302 0.45666666666666667 0.25116279069767444
2 0.24833333333333332 0.34651162790697676 0.49666666666666665 0.2837209302325581
2 0.23 0.4744186046511628 0.46 0.26046511627906976
2 0.23333333333333334 0.5813953488372093 0.43333333333333335 0.26046511627906976
2 0.23 0.7348837209302326 0.33 0.2
2 0.215 0.827906976744186 0.33666666666666667 0.2
2 0.6027615233333333 0.5824571627906977 0.6194622466666666 0.6759217302325581 0.42534405999999997 0.5902886186046512 0.44300797 0.6663995627906977 0.8097055433333333 0.8877054511627908 0.87048249 0.7729592790697675 0.8855566366666666 0.7790606790697674 0.8623751433333333 0.7162149767441861 0.6027615233333333 0.5824571627906977