2 0.345 0.103515625 0.4633333333333333 0.20703125
2 0.33 0.25 0.41 0.1953125
2 0.32 0.390625 0.42333333333333334 0.1796875
2 0.26166666666666666 0.517578125 0.5 0.23046875
2 0.26166666666666666 0.64453125 0.4766666666666667 0.1875
2 0.26 0.759765625 0.51 0.19921875
2 0.20833333333333334 0.857421875 0.4166666666666667 0.15234375
2 0.7983333333333333 0.14453125 0.4033333333333333 0.171875
2 0.7866666666666666 0.251953125 0.4266666666666667 0.16796875
2 0.7816666666666666 0.349609375 0.43666666666666665 0.1640625
2 0.7683333333333333 0.44921875 0.45 0.16796875
2 0.7583333333333333 0.55859375 0.39666666666666667 0.17578125
2 0.745 0.66015625 0.39666666666666667 0.1875
2 0.7466666666666667 0.767578125 0.4 0.1640625
2 0.74 0.869140625 0.37 0.15234375
2 0.7166666666666667 0.9453125 0.35333333333333333 0.09375