6 0.18833333333333332 0.17647058823529413 0.21666666666666667 0.1588235294117647
6 0.16333333333333333 0.31470588235294117 0.20666666666666667 0.1588235294117647
6 0.10333333333333333 0.45294117647058824 0.20666666666666667 0.16470588235294117
6 0.37364326999999997 0.09020340588235294 0.36745135 0.09640081764705882 0.37119114000000003 0.14746771176470588 0.5110069833333334 0.15454541176470588 0.5304298433333333 0.07020395882352941 0.42378978333333334 0.05683140588235294 0.36679443333333334 0.08765091176470588 0.37364326999999997 0.09020340588235294
6 0.32682933000000003 0.16880044117647058 0.32669090333333334 0.23435158235294115 0.43112305666666667 0.25131908823529414 0.5096709066666667 0.17725263529411764 0.4407121 0.16079269411764707 0.32682933000000003 0.16880044117647058
6 0.27846222333333337 0.2597429470588235 0.29033802 0.3368252823529412 0.3853681533333333 0.3430204 0.46192812000000005 0.2843987529411765 0.38261405 0.25594393529411763 0.27846222333333337 0.2597429470588235
6 0.4512554733333333 0.37225018235294116 0.24357358 0.3692519823529412 0.24324704333333333 0.4512338117647059 0.44846121 0.44449931176470586 0.4512554733333333 0.37225018235294116
6 0.43219124333333336 0.4981811352941176 0.2190347066666667 0.4624679647058823 0.18628154333333333 0.5684022941176471 0.41337124333333336 0.5704427294117647 0.43219124333333336 0.4981811352941176
6 0.41511490333333334 0.6086672764705883 0.12609892333333333 0.5926680529411764 0.12550309 0.6806808235294117 0.41280139 0.6956712235294117 0.41511490333333334 0.6086672764705883
6 0.3784688 0.7454680705882353 0.08857142333333333 0.7297152 0.09133377 0.8450788235294118 0.36723399333333334 0.8364544647058824 0.3784688 0.7454680705882353
6 0.33881179333333333 0.9882352941176471 0.34403887666666666 0.9069610705882353 0.04322408666666667 0.8823482823529413 0.050834036666666665 0.9859345588235294 0.08454586 0.9882352941176471 0.33881179333333333 0.9882352941176471
6 0.5698867066666667 0 0.5687222333333334 0.08332387058823529 0.7485983533333334 0.07622680588235295 0.7569779866666667 0 0.5698867066666667 0
6 0.7476940666666667 0.09434658823529413 0.5568988566666667 0.10002880588235294 0.56038785 0.1690328294117647 0.7274400766666667 0.1506308705882353 0.7476940666666667 0.09434658823529413
6 0.69434623 0.28941664705882353 0.5160109466666666 0.29310520588235295 0.5112440533333333 0.37335028823529415 0.6895151266666666 0.3577683176470588 0.69434623 0.28941664705882353
6 0.7125639199999999 0.37961559999999994 0.4829806133333333 0.3857167294117647 0.4877964633333334 0.4692390941176471 0.69608218 0.4497347294117647 0.7125639199999999 0.37961559999999994
6 0.45410655 0.4682330529411765 0.45219274000000004 0.4672790470588235 0.46144844666666673 0.5704053294117647 0.6975816133333334 0.5416286294117647 0.7107311433333333 0.4813743764705883 0.45410655 0.4682330529411765
6 0.4406240533333334 0.6015374176470588 0.4456509733333333 0.6105548176470589 0.4359315566666667 0.6996287352941176 0.7031712233333334 0.6978917705882353 0.7082548033333333 0.604157905882353 0.4406240533333334 0.6015374176470588
6 0.73531291 0.858644905882353 0.38646984 0.853411794117647 0.36961351 0.9757478 0.7115556399999999 0.9322864764705882 0.73531291 0.858644905882353
6 0.9605666633333334 0.06015990588235294 0.7808940666666667 0.022532511764705884 0.7756394166666667 0.12375878823529411 0.9436938366666667 0.12592158823529412 0.9605666633333334 0.06015990588235294
6 0.9599808433333333 0.27919478235294115 0.7572686366666667 0.2643851176470588 0.76145578 0.3510610411764706 0.9399144166666668 0.38456098235294117 0.9599808433333333 0.27919478235294115
6 0.9812865233333334 0.41319821764705883 0.74483046 0.40782002352941177 0.7449987866666667 0.5060416529411764 0.9439396833333332 0.5233943235294117 0.9812865233333334 0.41319821764705883