3 0.15333333333333332 0.839622641509434 0.30333333333333334 0.27358490566037735
3 0.8366666666666667 0.5754716981132075 0.31333333333333335 0.2641509433962264
3 0.83 0.3113207547169811 0.3333333333333333 0.20754716981132076
3 0.84 0.10377358490566038 0.31333333333333335 0.20754716981132076
3 0.49666666666666665 0.1320754716981132 0.3333333333333333 0.2169811320754717
3 0.49 0.3490566037735849 0.33666666666666667 0.16981132075471697
3 0.84 0.8301886792452831 0.31333333333333335 0.2641509433962264
3 0.5033333333333333 0.8490566037735849 0.3466666666666667 0.22641509433962265
6 0.4866666666666667 0.5849056603773585 0.35333333333333333 0.24528301886792453
5 0.14666666666666667 0.5094339622641509 0.29 0.29245283018867924
1 0.08 0.14150943396226415 0.12333333333333334 0.24528301886792453
1 0.23 0.1509433962264151 0.13333333333333333 0.24528301886792453