1 0.21 0.11011904761904762 0.16666666666666666 0.15476190476190477
1 0.12666666666666668 0.3125 0.22666666666666666 0.26785714285714285
1 0.043333333333333335 0.12202380952380952 0.08666666666666667 0.125
1 0.015 0.3273809523809524 0.03 0.14285714285714285
1 0.37666666666666665 0.09523809523809523 0.23333333333333334 0.19047619047619047
1 0.5566666666666666 0.08630952380952381 0.22666666666666666 0.17261904761904762
1 0.7116666666666667 0.14583333333333334 0.23666666666666666 0.2916666666666667
1 0.795 0.09821428571428571 0.25 0.19642857142857142
1 0.9516666666666667 0.05952380952380952 0.06333333333333334 0.11904761904761904
1 0.575 0.3392857142857143 0.21666666666666667 0.27976190476190477
1 0.43666666666666665 0.43154761904761907 0.22333333333333333 0.24404761904761904
1 0.31833333333333336 0.34226190476190477 0.27 0.3273809523809524
1 0.1 0.6815476190476191 0.19 0.25
1 0.11 0.9226190476190477 0.18666666666666668 0.15476190476190477
1 0.29833333333333334 0.6934523809523809 0.25666666666666665 0.30952380952380953
1 0.28 0.9166666666666666 0.20666666666666667 0.16666666666666666
1 0.4866666666666667 0.8541666666666666 0.2866666666666667 0.2916666666666667
1 0.5366666666666666 0.6369047619047619 0.21 0.20833333333333334
1 0.7466666666666667 0.6160714285714286 0.26 0.2857142857142857
1 0.8083333333333333 0.38095238095238093 0.25333333333333335 0.26785714285714285
1 0.9583333333333334 0.43452380952380953 0.08333333333333333 0.1130952380952381
1 0.9433333333333334 0.27380952380952384 0.1 0.18452380952380953
1 0.9383333333333334 0.6398809523809523 0.12333333333333334 0.20833333333333334
1 0.9266666666666666 0.8392857142857143 0.14666666666666667 0.21428571428571427
1 0.7383333333333333 0.8690476190476191 0.21 0.19047619047619047