0 0.4759439417808219 0 0 0.07463948 0 0.31257828 0.3371024315068493 0.26745405333333333 0.32091928082191784 0.19641871333333336 0.3737841609589041 0.18976963666666669 0.36117416095890414 0.14069268333333335 0.5162851369863013 0.11828125666666667 0.4955346301369863 0 0.4759439417808219 0
0 0.4332191780821918 0.6683333333333333 0.2979452054794521 0.21
0 0.5 0.8633333333333333 0.2636986301369863 0.23333333333333334
0 0.17123287671232876 0.9066666666666666 0.23972602739726026 0.18666666666666668
0 0.1386986301369863 0.7333333333333333 0.2328767123287671 0.19
0 0.10102739726027397 0.56 0.20205479452054795 0.18666666666666668
0 0.797945205479452 0.605 0.3904109589041096 0.25
0 0.8441780821917808 0.8083333333333333 0.2979452054794521 0.23666666666666666
3 0.7226027397260274 0.22166666666666668 0.4794520547945205 0.24333333333333335
3 0.7174657534246576 0.07333333333333333 0.4212328767123288 0.14666666666666667
0 0.22602739726027396 0.375 0.4520547945205479 0.24333333333333335