0 1 0.6400441333333333 0.6848389551724138 0.7150470933333334 0.7087257068965517 0.7840468066666667 0.656506824137931 0.7960379866666667 0.6744410655172414 0.8435631366666666 0.521539348275862 0.8816329433333334 0.5559353 1 0.5562450137931035 1 1 0.8838320900000001 1 0.6400441333333333
0 0.5448275862068965 0.32666666666666666 0.3103448275862069 0.23333333333333334
0 0.45689655172413796 0.13833333333333334 0.2793103448275862 0.25333333333333335
0 0.7810344827586206 0.08166666666666667 0.25862068965517243 0.16333333333333333
0 0.8327586206896552 0.23166666666666666 0.24482758620689654 0.20666666666666667
0 0.8896551724137931 0.39666666666666667 0.2206896551724138 0.2
0 0.19310344827586207 0.4266666666666667 0.38620689655172413 0.2866666666666667
0 0.13620689655172413 0.23166666666666666 0.27241379310344827 0.2633333333333333
3 0.30517241379310345 0.7983333333333333 0.4896551724137931 0.2866666666666667
3 0.3258620689655172 0.9266666666666666 0.43103448275862066 0.14666666666666667
0 0.7758620689655172 0.5933333333333334 0.4482758620689655 0.2866666666666667