3 0.8283333333333334 0.5853658536585366 0.29333333333333333 0.3231707317073171
3 0.7833333333333333 0.3353658536585366 0.27666666666666667 0.3170731707317073
3 0.25166666666666665 0.8262195121951219 0.27666666666666667 0.3475609756097561
3 0.19166666666666668 0.6951219512195121 0.18666666666666668 0.23780487804878048
3 0.5033333333333333 0.4969512195121951 0.27666666666666667 0.3170731707317073
3 0.45666666666666667 0.3201219512195122 0.3 0.3780487804878049
3 0.5583333333333333 0.7804878048780488 0.24666666666666667 0.2804878048780488
0 0.49166666666666664 0.6707317073170732 0.17333333333333334 0.24390243902439024
3 0.195 0.5213414634146342 0.27666666666666667 0.31097560975609756
6 0.2916666666666667 0.9024390243902439 0.27 0.1951219512195122
5 0.7533333333333333 0.1798780487804878 0.2833333333333333 0.3231707317073171
5 0.81 0.4695121951219512 0.24333333333333335 0.25