3 0.6383333333333333 0.16 0.5133333333333333 0.30333333333333334
3 0.7083333333333334 0.31 0.4633333333333333 0.26
3 0.255 0.43833333333333335 0.51 0.25666666666666665
3 0.21 0.30666666666666664 0.42 0.24666666666666667
0 0.6383333333333333 0.065 0.44333333333333336 0.13
6 0.20833333333333334 0.17 0.4166666666666667 0.25333333333333335
1 0.17666666666666667 0.615 0.3233333333333333 0.22333333333333333
1 0.44333333333333336 0.54 0.2833333333333333 0.21
1 0.7033333333333334 0.465 0.26666666666666666 0.21
1 0.8816666666666667 0.4 0.20333333333333334 0.16666666666666666
1 0.215 0.8 0.28 0.21666666666666667
1 0.4633333333333333 0.7333333333333333 0.23666666666666666 0.21666666666666667
1 0.7083333333333334 0.6533333333333333 0.29 0.22666666666666666
1 0.8966666666666666 0.59 0.20666666666666667 0.2
1 0.91 0.7616666666666667 0.18 0.21666666666666667
1 0.7333333333333333 0.8416666666666667 0.2633333333333333 0.21
1 0.5066666666666667 0.9033333333333333 0.24666666666666667 0.19333333333333333